42.85148772213166 42.85148772213166
42.85148772213166 42.85148772213166
9.338094023943002 9.338094023943002
16.31349134918703 16.31349134918703
8.364807230295268 8.364807230295268
19.024457942343588 19.024457942343588
42.85148772213166 42.85148772213166
0.0 0
24.068444071023784 24.068444071023784
25.98557292037257 25.98557292037257
29.854312921251427 29.854312921251427
16.371316379570704 16.371316379570704
8.296987405076617 8.296987405076617
2.1540659228538015 2.1540659228538015
6.463745044476925 6.463745044476925
0.0 0
2.0615528128088303 2.0615528128088303
20.383571816538925 20.383571816538925
17.029386365926403 17.029386365926403
29.759368272864936 29.759368272864936
0.0 0
0.0 0.0
10.558882516630252 10.558882516630252
0.0 0
10.558882516630252 10.558882516630252
0.0 0
19.622436138257655 19.622436138257655
29.759368272864936 29.759368272864936
27.86772326545532 27.86772326545532
8.736704184073076 8.736704184073076
24.016869071550524 24.016869071550524
0.0 0
0.0 0
17.889941307897015 17.889941307897015
24.016869071550524 24.016869071550524
2.0615528128088303 2.0615528128088303
10.628264204469138 10.628264204469138
2.23606797749979 2.23606797749979
2.1540659228538015 2.1540659228538015
22.50799857828323 22.50799857828323

19.523319389898838 19.523319389898838
7.158910531638176 7.158910531638176
10.558882516630252 10.558882516630252
16.564117845511724 16.564117845511724
15.076471735787521 15.076471735787521
27.005925275761246 27.005925275761246
0.0 0
31.57625690293262 31.57625690293262
2.0615528128088303 2.0615528128088303
6.356886030125127 6.356886030125127
8.364807230295268 8.364807230295268
27.86772326545532 27.86772326545532
2.0615528128088303 2.0615528128088303
4.94064773081425 4.94064773081425
9.302150289046077 9.302150289046077
2.1540659228538015 2.1540659228538015
18.309833423600555 18.309833423600555
19.523319389898838 19.523319389898838
35.285266046892716 35.285266046892716
19.25746608461248 19.25746608461248
21.906391761310214 21.906391761310214
42.85148772213166 42.85148772213166
15.076471735787521 15.076471735787521
4.17612260356422 4.17612260356422
2.08806130178211 2.08806130178211
25.98557292037257 25.98557292037257
8.523496934944014 8.523496934944014
34.10703739699478 34.10703739699478
8.296987405076617 8.296987405076617
10.855873986004074 10.855873986004074
12.36931687685298 12.36931687685298
12.36931687685298 12.36931687685298
0.0 0
1.5264337522473748 1.5264337522473748
20.383571816538925 20.383571816538925
21.06679852279411 21.06679852279411
21.110187114282052 21.110187114282052
10.628264204469138 10.628264204469138
0.0 0
28.819611378365256 28.819611378365256
29.759368272864936 29.759368272864936
2.1540659228538015 2.1540659228538015
2.2561028345356955 2.2561028345356955
17.196802028284214 17.196802028284214
8.523496934944014 8.523496934944014
2.0615528128088303 2.0615528128088303
0.0 0
36.45490364820623 36.45490364820623
2.23606797749979 2.23606797749979
2.23606797749979 2.23606797749979
26.072207424765555 26.072207424765555
4.272001872658765 4.272001872658765
24.59044529893674 24.59044529893674
17.03907274472411 17.03907274472411
36.45490364820623 36.45490364820623
6.4257295305669375 6.4257295305669375
2.118962010041709 2.118962010041709
2.23606797749979 2.23606797749979
6.4257295305669375 6.4257295305669375
32.58849490234245 32.58849490234245
2.0615528128088303 2.0615528128088303
33.39011829868232 33.39011829868232
2.0615528128088303 2.0615528128088303
4.237924020083418 4.237924020083418
10.628264204469138 10.628264204469138
8.523496934944014 8.523496934944014

31.57625690293262 31.57625690293262
17.889941307897015 17.889941307897015
26.072207424765555 26.072207424765555
7.158910531638176 7.158910531638176

4.17612260356422 4.17612260356422
21.06679852279411 21.06679852279411
4.17612260356422 4.17612260356422
21.06679852279411 21.06679852279411
37.13825520941984 37.13825520941984
15.076471735787521 15.076471735787521
34.53056616969956 34.53056616969956
14.716657229140045 14.716657229140045
0.0 0
12.36931687685298 12.36931687685298
4.810405388322278 4.810405388322278
12.701574705523722 12.701574705523722
0.0 0
24.59044529893674 24.59044529893674
0.0 0
13957675736 27.995713957675736
17.029386365926403 17.029386365926403
26.000769219390413 26.000769219390413
37.13825520941984 37.13825520941984
29.854312921251427 29.854312921251427
24.016869071550524 24.016869071550524
12.701574705523722 12.701574705523722
2.570992026436488 2.570992026436488
2.009975124224178 2.009975124224178

4.237924020083418 4.237924020083418
12.408464852672147 12.408464852672147
11.321660655575224 11.321660655575224
25.934725755249467 25.934725755249467
0.0 0
36.45490364820623 36.45490364820623
4.17612260356422 4.17612260356422
0.0 0
2.2561028345356955 2.2561028345356955
8.411896337925237 8.411896337925237
2.08806130178211 2.08806130178211
28.819611378365256 28.819611378365256
16.058953888718904 16.058953888718904
3.6249137920783716 3.6249137920783716
10.558882516630252 10.558882516630252
19.622436138257655 19.622436138257655
21.16246677492962 21.16246677492962
4.237924020083418 4.237924020083418
28.00285699709942 28.00285699709942
18.25267103741258 18.25267103741258
23.688393782610085 23.688393782610085
28.00803456153252 28.00803456153252
25.903088618927278 25.903088618927278
6.356886030125127 6.356886030125127
18.24527336051724 18.24527336051724
4.205948168962618 4.205948168962618
23.44802763560296 23.44802763560296
2.08806130178211 2.08806130178211
21.06679852279411 21.06679852279411
22.617692189964917 22.617692189964917
17.03907274472411 17.03907274472411

25.934725755249467 25.934725755249467
9.302150289046077 9.302150289046077
0.0 0
21.110187114282052 21.110187114282052
24.016869071550524 24.016869071550524
4.237924020083418 4.237924020083418
29.759368272864936 29.759368272864936
28.00803456153252 28.00803456153252
0.0 0
32.58849490234245 32.58849490234245
0.0 0
25.934725755249467 25.934725755249467
2.0615528128088303 2.0615528128088303
4.205948168962618 4.205948168962618
21.06679852279411 21.06679852279411
7.863841300535 7.863841300535
8.509406559801922 8.509406559801922
12.408464852672147 12.408464852672147
9.902019995940222 9.902019995940222
27.995713957675736 27.995713957675736
4.205948168962618 4.205948168962618
32.045124434147546 32.045124434147546
8.736704184073076 8.736704184073076
42.85148772213166 42.85148772213166
37.13825520941984 37.13825520941984
28.00803456153252 28.00803456153252
17.029386365926403 17.029386365926403
9.338094023943002 9.338094023943002
3.3600595232822883 3.3600595232822883
0.0 0
25.934725755249467 25.934725755249467
24.808466296810852 24.808466296810852
26.248809496813372 26.248809496813372
24.59044529893674 24.59044529893674
21.110187114282052 21.110187114282052
3.4 3.4
8.736704184073076 8.736704184073076
22.769277546729498 22.769277546729498
0.0 0
12.408464852672147 12.408464852672147
34.10703739699478 34.10703739699478
0.0 0
33.80369802255369 33.80369802255369
0.0 0
7.484650960465691 7.484650960465691
6.4257295305669375 6.4257295305669375
15.076471735787521 15.076471735787521
2.23606797749979 2.23606797749979
29.741553422778708 29.741553422778708
8.523496934944014 8.523496934944014
17.029386365926403 17.029386365926403
27.995713957675736 27.995713957675736
10.855873986004074 10.855873986004074
4.205948168962618 4.205948168962618
5.277309920783504 5.277309920783504
6.356886030125127 6.356886030125127
42.85148772213166 42.85148772213166
42.85148772213166 42.85148772213166
9.902019995940222 9.902019995940222
29.59408724728641 29.59408724728641
24.470594598415463 24.470594598415463
28.00803456153252 28.00803456153252
21.110187114282052 21.110187114282052
16.371316379570704 16.371316379570704
8.296987405076617 8.296987405076617
16.900887550658396 16.900887550658396
9.902019995940222 9.902019995940222
0.0 0
2.118962010041709 2.118962010041709
16.31349134918703 16.31349134918703
18.25267103741258 18.25267103741258
34.10703739699478 34.10703739699478
0.0 0
66442669995 5.1312766442669995
0.0 0
0.0 0
29.854312921251427 29.854312921251427
4.601086828130937 4.601086828130937
17.889941307897015 17.889941307897015
17.196802028284214 17.196802028284214
2.1540659228538015 2.1540659228538015
14.716657229140045 14.716657229140045
0.0 0
31.81571938523471 31.81571938523471
37.13825520941984 37.13825520941984
0.0 0
0.0 0
4.205948168962618 4.205948168962618
2.118962010041709 2.118962010041709
4.205948168962618 4.205948168962618
17.889941307897015 17.889941307897015
26.000769219390413 26.000769219390413
0.0 0
7.863841300535 7.863841300535
0.0 0
0.0 0
15.822136391777187 15.822136391777187
16.564117845511724 16.564117845511724
0.0 0
28.00285699709942 28.00285699709942
17.029386365926403 17.029386365926403
0.0 0
10.558882516630252 10.558882516630252
0.0 0
0.0 0
35.285266046892716 35.285266046892716
0.0 0
42.85148772213166 42.85148772213166
10.628264204469138 10.628264204469138
32.045124434147546 32.045124434147546
8.08084154033477 8.08084154033477
25.98557292037257 25.98557292037257
10.855873986004074 10.855873986004074
4.0024992192379 4.0024992192379
11.321660655575224 11.321660655575224
17.029386365926403 17.029386365926403
33.80369802255369 33.80369802255369
24.59044529893674 24.59044529893674
20.383571816538925 20.383571816538925
22.617692189964917 22.617692189964917
24.470594598415463 24.470594598415463
16.058953888718904 16.058953888718904
33.39011829868232 33.39011829868232
22.769277546729498 22.769277546729498
4.17612260356422 4.17612260356422
7.484650960465691 7.484650960465691
0.0 0
7.158910531638176 7.158910531638176
1.6401219466856727 1.6401219466856727
7.158910531638176 7.158910531638176
2.2561028345356955 2.2561028345356955
2.1540659228538015 2.1540659228538015
21.906391761310214 21.906391761310214
13.091982279242512 13.091982279242512
2.08806130178211 2.08806130178211
16.058953888718904 16.058953888718904
2.0615528128088303 2.0615528128088303
22.50799857828323 22.50799857828323
12.20245876862528 12.20245876862528
0.0 0
11.321660655575224 11.321660655575224
23.44802763560296 23.44802763560296
8.509406559801922 8.509406559801922
4.810405388322278 4.810405388322278
16.564117845511724 16.564117845511724
19.622436138257655 19.622436138257655
8.2 8.2
12.20245876862528 12.20245876862528
27.995713957675736 27.995713957675736
22.769277546729498 22.769277546729498
29.854312921251427 29.854312921251427
0.0 0
34.10703739699478 34.10703739699478
3.1144823004794873 3.1144823004794873
33.39011829868232 33.39011829868232
5.70087712549569 5.70087712549569
6.356886030125127 6.356886030125127
6.4257295305669375 6.4257295305669375
0.0 0.0
12.36931687685298 12.36931687685298
28.00285699709942 28.00285699709942
16.900887550658396 16.900887550658396
23.348019187931126 23.348019187931126
12.841339493993607 12.841339493993607
2.570992026436488 2.570992026436488
37.13825520941984 37.13825520941984
4.17612260356422 4.17612260356422
4.272001872658765 4.272001872658765
11.321660655575224 11.321660655575224
26.072207424765555 26.072207424765555
33.391765451979325 33.391765451979325
13.556548233234006 13.556548233234006
2.009975124224178 2.009975124224178
6.293647591023825 6.293647591023825
24.016869071550524 24.016869071550524
6.293647591023825 6.293647591023825
6.293647591023825 6.293647591023825
0.0 0
7.854934754662193 7.854934754662193
22.50799857828323 22.50799857828323
25.98557292037257 25.98557292037257
16.95228598154243 16.95228598154243
27.86772326545532 27.86772326545532
12.701574705523722 12.701574705523722
2.009975124224178 2.009975124224178
34.10703739699478 34.10703739699478
3.3600595232822883 3.3600595232822883
1.5264337522473748 1.5264337522473748
19.622436138257655 19.622436138257655
28.819611378365256 28.819611378365256
4.205948168962618 4.205948168962618
6.293647591023825 6.293647591023825
4.272001872658765 4.272001872658765
27.995713957675736 27.995713957675736
6.762396025078685 6.762396025078685
18.309833423600555 18.309833423600555
26.1658173959844 26.1658173959844
17.75894140989265 17.75894140989265
12.36931687685298 12.36931687685298
26.000769219390413 26.000769219390413
10.558882516630252 10.558882516630252
6.762396025078685 6.762396025078685

24.59044529893674 24.59044529893674
42.85148772213166 42.85148772213166
25.903088618927278 25.903088618927278
2.0615528128088303 2.0615528128088303
4.272001872658765 4.272001872658765
6.293647591023825 6.293647591023825
23.058620947489466 23.058620947489466
2.842534080710379 2.842534080710379
8.296987405076617 8.296987405076617
32.045124434147546 32.045124434147546
2.0615528128088303 2.0615528128088303
30.02399040767233 30.02399040767233
16.058953888718904 16.058953888718904
0.0 0
20.383571816538925 20.383571816538925
31.594461539959816 31.594461539959816
2.08806130178211 2.08806130178211
29.759368272864936 29.759368272864936
13.091982279242512 13.091982279242512
1.7204650534085253 1.7204650534085253
10.628264204469138 10.628264204469138
24.418026128252055 24.418026128252055
0.0 0
10.855873986004074 10.855873986004074
4.237924020083418 4.237924020083418
2.1540659228538015 2.1540659228538015
25.300197627686625 25.300197627686625
6.293647591023825 6.293647591023825
2.08806130178211 2.08806130178211
12.126417442921879 12.126417442921879
5.70087712549569 5.70087712549569
16.95228598154243 16.95228598154243
15.822136391777187 15.822136391777187
30.02399040767233 30.02399040767233
34.10703739699478 34.10703739699478
2.23606797749979 2.23606797749979
9.94786409235671 9.94786409235671
24.068444071023784 24.068444071023784
36.45490364820623 36.45490364820623
12.408464852672147 12.408464852672147
24.59044529893674 24.59044529893674
27.903404810166087 27.903404810166087
8.2 8.2
0.0 0.0
6.293647591023825 6.293647591023825
16.900887550658396 16.900887550658396
29.59408724728641 29.59408724728641
0.0 0
18.309833423600555 18.309833423600555
16.42102311063473 16.42102311063473
21.110187114282052 21.110187114282052
26.248809496813372 26.248809496813372
8.736704184073076 8.736704184073076
2.1540659228538015 2.1540659228538015
6.4257295305669375 6.4257295305669375
23.688393782610085 23.688393782610085
14.716657229140045 14.716657229140045
3.3600595232822883 3.3600595232822883
22.617692189964917 22.617692189964917
29.854312921251427 29.854312921251427
32.58849490234245 32.58849490234245
4.810405388322278 4.810405388322278
2.0615528128088303 2.0615528128088303
12.841339493993607 12.841339493993607
0.0 0
29.741553422778708 29.741553422778708
8.2 8.2
27.903404810166087 27.903404810166087
1.5264337522473748 1.5264337522473748
0.0 0
21.611339616044166 21.611339616044166
0.0 0
19.523319389898838 19.523319389898838
0.0 0
2.009975124224178 2.009975124224178
6.762396025078685 6.762396025078685
26.072207424765555 26.072207424765555
23.058620947489466 23.058620947489466
2.009975124224178 2.009975124224178
3.6249137920783716 3.6249137920783716
17.889941307897015 17.889941307897015
33.80369802255369 33.80369802255369
37.13825520941984 37.13825520941984
21.110187114282052 21.110187114282052
14.716657229140045 14.716657229140045
8.411896337925237 8.411896337925237
4.810405388322278 4.810405388322278
24.59044529893674 24.59044529893674
17.75894140989265 17.75894140989265
4.272001872658765 4.272001872658765
17.029386365926403 17.029386365926403
33.391765451979325 33.391765451979325
22.50799857828323 22.50799857828323
29.854312921251427 29.854312921251427
10.855873986004074 10.855873986004074
2.570992026436488 2.570992026436488
32.58849490234245 32.58849490234245
2.009975124224178 2.009975124224178
21.906391761310214 21.906391761310214
9.902019995940222 9.902019995940222
23.44802763560296 23.44802763560296
24.016869071550524 24.016869071550524
4.205948168962618 4.205948168962618
21.06679852279411 21.06679852279411
0.0 0.0
33.39011829868232 33.39011829868232
21.611339616044166 21.611339616044166
3.3600595232822883 3.3600595232822883
9.302150289046077 9.302150289046077
34.53056616969956 34.53056616969956
24.016869071550524 24.016869071550524
2.118962010041709 2.118962010041709
22.617692189964917 22.617692189964917
29.759368272864936 29.759368272864936
29.854312921251427 29.854312921251427
0.0 0
16.564117845511724 16.564117845511724
2.23606797749979 2.23606797749979
21.06679852279411 21.06679852279411
4.205948168962618 4.205948168962618
19.622436138257655 19.622436138257655
8.736704184073076 8.736704184073076
3.1144823004794873 3.1144823004794873
17.029386365926403 17.029386365926403
11.321660655575224 11.321660655575224
25.934725755249467 25.934725755249467
24.59044529893674 24.59044529893674
16.95228598154243 16.95228598154243
8.736704184073076 8.736704184073076
0.0 0
29.741553422778708 29.741553422778708
34.10703739699478 34.10703739699478
7.484650960465691 7.484650960465691
1.7204650534085253 1.7204650534085253
29.741553422778708 29.741553422778708
17.029386365926403 17.029386365926403
21.242645786248 21.242645786248
10.855873986004074 10.855873986004074
37.13825520941984 37.13825520941984
5.277309920783504 5.277309920783504
26.987404469492798 26.987404469492798
9.902019995940222 9.902019995940222
0.0 0
21.110187114282052 21.110187114282052
4.94064773081425 4.94064773081425
0.0 0
10.558882516630252 10.558882516630252
34.10703739699478 34.10703739699478
0.0 0
4.601086828130937 4.601086828130937
11.321660655575224 11.321660655575224
15.076471735787521 15.076471735787521
0.0 0
8.364807230295268 8.364807230295268
7.863841300535 7.863841300535
0.0 0
5.70087712549569 5.70087712549569
12.701574705523722 12.701574705523722
1.7204650534085253 1.7204650534085253
0.0 0
31.594461539959816 31.594461539959816
27.995713957675736 27.995713957675736
0.0 0.0
3.3600595232822883 3.3600595232822883
0.0 0.0
29.59408724728641 29.59408724728641
2.08806130178211 2.08806130178211
9.302150289046077 9.302150289046077
13.556548233234006 13.556548233234006
0.0 0
4.205948168962618 4.205948168962618
24.59044529893674 24.59044529893674
27.86772326545532 27.86772326545532
33.391765451979325 33.391765451979325
6.293647591023825 6.293647591023825
4.601086828130937 4.601086828130937
19.622436138257655 19.622436138257655
42.85148772213166 42.85148772213166
4.8270073544588685 4.8270073544588685
6.260990336999411 6.260990336999411
17.03907274472411 17.03907274472411
3.4 3.4
0.0 0
0.0 0.0
31.81571938523471 31.81571938523471
24.59044529893674 24.59044529893674
0.0 0
23.058620947489466 23.058620947489466
0.0 0.0
0.0 0
20.478769494283586 20.478769494283586
0.0 0
12.841339493993607 12.841339493993607
7.158910531638176 7.158910531638176
6.4257295305669375 6.4257295305669375
5.1312766442669995 5.1312766442669995
0.0 0
24.318922673506737 24.318922673506737
23.44802763560296 23.44802763560296
21.906391761310214 21.906391761310214
24.59044529893674 24.59044529893674
34.53056616969956 34.53056616969956
12.126417442921879 12.126417442921879
0.0 0
27.995713957675736 27.995713957675736
5.70087712549569 5.70087712549569
36.45490364820623 36.45490364820623
4.205948168962618 4.205948168962618
0.0 0.0
34.10703739699478 34.10703739699478
20.383571816538925 20.383571816538925
9.902019995940222 9.902019995940222
0.0 0
0.0 0
0.0 0
4.810405388322278 4.810405388322278
0.0 0
4.123105625617661 4.123105625617661
0.0 0
1.5264337522473748 1.5264337522473748
25.903088618927278 25.903088618927278
0.0 0
23.171750041807375 23.171750041807375
36.45490364820623 36.45490364820623
4.205948168962618 4.205948168962618
18.309833423600555 18.309833423600555
8.736704184073076 8.736704184073076
4.205948168962618 4.205948168962618
17.75894140989265 17.75894140989265
24.59044529893674 24.59044529893674
27.995713957675736 27.995713957675736
25.903088618927278 25.903088618927278
23.171750041807375 23.171750041807375
25.903088618927278 25.903088618927278
42.85148772213166 42.85148772213166
4.8270073544588685 4.8270073544588685
27.903404810166087 27.903404810166087
42.85148772213166 42.85148772213166
16.31349134918703 16.31349134918703
24.470594598415463 24.470594598415463
0.0 0
0.0 0
31.81571938523471 31.81571938523471
17.029386365926403 17.029386365926403
24.59044529893674 24.59044529893674
16.31349134918703 16.31349134918703
16.95228598154243 16.95228598154243
28.00803456153252 28.00803456153252
30.702605752606736 30.702605752606736
0.0 0.0
4.205948168962618 4.205948168962618
0.0 0
22.50799857828323 22.50799857828323
21.611339616044166 21.611339616044166
4.810405388322278 4.810405388322278
0.0 0
22.769277546729498 22.769277546729498
0.0 0
2.009975124224178 2.009975124224178
6.762396025078685 6.762396025078685
30.702605752606736 30.702605752606736
6.356886030125127 6.356886030125127
2.0615528128088303 2.0615528128088303
6.4257295305669375 6.4257295305669375
1.5264337522473748 1.5264337522473748
21.06679852279411 21.06679852279411
0.0 0
6.762396025078685 6.762396025078685
31.81571938523471 31.81571938523471
6.356886030125127 6.356886030125127
0.0 0
26.1658173959844 26.1658173959844
12.126417442921879 12.126417442921879
23.44802763560296 23.44802763560296
3.6249137920783716 3.6249137920783716
0.0 0
26.248809496813372 26.248809496813372
19.622436138257655 19.622436138257655
23.058620947489466 23.058620947489466
33.391765451979325 33.391765451979325
2.23606797749979 2.23606797749979
8.736704184073076 8.736704184073076
0.0 0
9.902019995940222 9.902019995940222
16.564117845511724 16.564117845511724
21.110187114282052 21.110187114282052
27.995713957675736 27.995713957675736
35.80349144985723 35.80349144985723
0.0 0
4.205948168962618 4.205948168962618
17.196802028284214 17.196802028284214
0.0 0
6.356886030125127 6.356886030125127
1.5264337522473748 1.5264337522473748
1.5264337522473748 1.5264337522473748
4.94064773081425 4.94064773081425
30.702605752606736 30.702605752606736
0.0 0.0
2.118962010041709 2.118962010041709
17.889941307897015 17.889941307897015
2.009975124224178 2.009975124224178
0.0 0
0.0 0
18.25267103741258 18.25267103741258
0.0 0.0
4.810405388322278 4.810405388322278
12.126417442921879 12.126417442921879
5.70087712549569 5.70087712549569
26.000769219390413 26.000769219390413
8.736704184073076 8.736704184073076
6.356886030125127 6.356886030125127
28.00803456153252 28.00803456153252
0.0 0
24.318922673506737 24.318922673506737
23.058620947489466 23.058620947489466
17.889941307897015 17.889941307897015
23.688393782610085 23.688393782610085
0.0 0
0.0 0
8.736704184073076 8.736704184073076
12.126417442921879 12.126417442921879
6.356886030125127 6.356886030125127
24.318922673506737 24.318922673506737
12.126417442921879 12.126417442921879
2.2561028345356955 2.2561028345356955
7.158910531638176 7.158910531638176
3.6249137920783716 3.6249137920783716
4.601086828130937 4.601086828130937
30.702605752606736 30.702605752606736
0.0 0
4.810405388322278 4.810405388322278
12.841339493993607 12.841339493993607
7.863841300535 7.863841300535
0.0 0
25.300197627686625 25.300197627686625
12.408464852672147 12.408464852672147
21.16246677492962 21.16246677492962
25.934725755249467 25.934725755249467
4.601086828130937 4.601086828130937
4.810405388322278 4.810405388322278
24.59044529893674 24.59044529893674
8.736704184073076 8.736704184073076
42.85148772213166 42.85148772213166
0.0 0
8.296987405076617 8.296987405076617
0.0 0
6.260990336999411 6.260990336999411
42.85148772213166 42.85148772213166
20.383571816538925 20.383571816538925
30.702605752606736 30.702605752606736
8.08084154033477 8.08084154033477
0.0 0
24.068444071023784 24.068444071023784
0.0 0.0
4.0024992192379 4.0024992192379
0.0 0
0.0 0
24.470594598415463 24.470594598415463
26.987404469492798 26.987404469492798
17.75894140989265 17.75894140989265
0.0 0
33.391765451979325 33.391765451979325
0.0 0.0
21.611339616044166 21.611339616044166
27.995713957675736 27.995713957675736
0.0 0
0.0 0.0
6.260990336999411 6.260990336999411
0.0 0
8.411896337925237 8.411896337925237
17.03907274472411 17.03907274472411
0.0 0
0.0 0
3.4 3.4
0.0 0
42.85148772213166 42.85148772213166
30.702605752606736 30.702605752606736
9.338094023943002 9.338094023943002
0.0 0.0
0.0 0
7.158910531638176 7.158910531638176
16.371316379570704 16.371316379570704
19.523319389898838 19.523319389898838
26.248809496813372 26.248809496813372
0.0 0.0
4.079215610874227 4.079215610874227
5.70087712549569 5.70087712549569
31.81571938523471 31.81571938523471
33.391765451979325 33.391765451979325
0.0 0
6.293647591023825 6.293647591023825
0.0 0
24.59044529893674 24.59044529893674
24.59044529893674 24.59044529893674
0.0 0
8.736704184073076 8.736704184073076
2.009975124224178 2.009975124224178
0.0 0
15.076471735787521 15.076471735787521
26.072207424765555 26.072207424765555
6.356886030125127 6.356886030125127
8.523496934944014 8.523496934944014
0.0 0.0
19.622436138257655 19.622436138257655
26.987404469492798 26.987404469492798
35.285266046892716 35.285266046892716
33.391765451979325 33.391765451979325
37.13825520941984 37.13825520941984
0.0 0
0.0 0.0
30.02399040767233 30.02399040767233
16.058953888718904 16.058953888718904
4.0024992192379 4.0024992192379
0.0 0
4.205948168962618 4.205948168962618
31.594461539959816 31.594461539959816
2.570992026436488 2.570992026436488
4.810405388322278 4.810405388322278
4.810405388322278 4.810405388322278
15.822136391777187 15.822136391777187
3.6249137920783716 3.6249137920783716
27.005925275761246 27.005925275761246
31.81571938523471 31.81571938523471
42.85148772213166 42.85148772213166
6.4257295305669375 6.4257295305669375
0.0 0
5690293262 31.57625690293262
34.53056616969956 34.53056616969956
36.45490364820623 36.45490364820623
4.205948168962618 4.205948168962618
8.296987405076617 8.296987405076617
42.85148772213166 42.85148772213166
0.0 0
21.242645786248 21.242645786248
11
16.564117845511724 16.564117845511724
22.769277546729498 22.769277546729498
2.009975124224178 2.009975124224178
6.260990336999411 6.260990336999411
0.0 0
20.478769494283586 20.478769494283586
24.418026128252055 24.418026128252055
10.855873986004074 10.855873986004074
21.611339616044166 21.611339616044166
0.0 0.0
17.03907274472411 17.03907274472411
12.36931687685298 12.36931687685298
2.1540659228538015 2.1540659228538015
0.0 0
25.300197627686625 25.300197627686625
24.59044529893674 24.59044529893674
8.736704184073076 8.736704184073076
42.85148772213166 42.85148772213166
0.0 0
8.411896337925237 8.411896337925237
8.736704184073076 8.736704184073076
0.0 0
8.736704184073076 8.736704184073076
17.196802028284214 17.196802028284214
0.0 0.0
8.296987405076617 8.296987405076617
35.80349144985723 35.80349144985723
32.58849490234245 32.58849490234245
31.81571938523471 31.81571938523471

8.509406559801922 8.509406559801922
4.205948168962618 4.205948168962618
21.611339616044166 21.611339616044166
6.260990336999411 6.260990336999411
31.57625690293262 31.57625690293262
18.309833423600555 18.309833423600555
24.59044529893674 24.59044529893674
73076
30.702605752606736 30.702605752606736
22.769277546729498 22.769277546729498
4.0024992192379 4.0024992192379
24.59044529893674 24.59044529893674
0.0 0
10.855873986004074 10.855873986004074
30.702605752606736 30.702605752606736
0.0 0
4.205948168962618 4.205948168962618
33.391765451979325 33.391765451979325
0.0 0
24.808466296810852 24.808466296810852
4.17612260356422 4.17612260356422
0.0 0.0
2549569 5.70087712549569
1.7204650534085253 1.7204650534085253
8.523496934944014 8.523496934944014
12.126417442921879 12.126417442921879
34.10703739699478 34.10703739699478
0.0 0
0.0 0
1.7204650534085253 1.7204650534085253
12.126417442921879 12.126417442921879
0.0 0
30.702605752606736 30.702605752606736
21.242645786248 21.242645786248
2798
20.478769494283586 20.478769494283586
2.0615528128088303 2.0615528128088303
27.005925275761246 27.005925275761246
0.0 0.0
8.364807230295268 8.364807230295268
12.36931687685298 12.36931687685298
0.0 0.0
6.4257295305669375 6.4257295305669375
0.0 0
0.0 0
15.076471735787521 15.076471735787521
21.611339616044166 21.61133961604416624.59044529893674 24.59044529893674
36.45490364820623 36.45490364820623
9.302150289046077 9.302150289046077
8.736704184073076 8.736704184073076
0.0 0
0.0 0
9.302150289046077 9.302150289046077
29.759368272864936 29.759368272864936
0.0 0
0.0 0
6.762396025078685 6.762396025078685
8.736704184073076 8.736704184073076
0.0 0
0.0 0
24.418026128252055 24.418026128252055
0.0 0
15.076471735787521 15.076471735787521
0.0 0.0
0.0 0
25.934725755249467 25.934725755249467
4.205948168962618 4.205948168962618
24.808466296810852 24.808466296810852
0.0 0
4.205948168962618 4.205948168962618
0.0 0.0
0.0 0
18.309833423600555 18.309833423600555
0.0 0
0.0 0
33.39011829868232 33.39011829868232
17.889941307897015 17.889941307897015
30.702605752606736 30.702605752606736
23.171750041807375 23.171750041807375
36.45490364820623 36.45490364820623
33.391765451979325 33.391765451979325
33.391765451979325 33.391765451979325
24.59044529893674 24.59044529893674
4.810405388322278 4.810405388322278
32.58849490234245 32.58849490234245
8.736704184073076 8.736704184073076
10.855873986004074 10.855873986004074
0.0 0
28.00285699709942 28.00285699709942
15.076471735787521 15.076471735787521
13.091982279242512 13.091982279242512
5.70087712549569 5.70087712549569
4.810405388322278 4.810405388322278
5.70087712549569 5.70087712549569
4.810405388322278 4.810405388322278
25.934725755249467 25.934725755249467
34.53056616969956 34.53056616969956
6.356886030125127 6.356886030125127
28.00803456153252 28.00803456153252
0.0 0.0
0.0 0
712549569 5.70087712549569
20.383571816538925 20.383571816538925
28.00285699709942 28.00285699709942
2.1540659228538015 2.1540659228538015
29.759368272864936 29.759368272864936
0.0 0
10.855873986004074 10.855873986004074
10.628264204469138 10.628264204469138
0.0 0
17.75894140989265 17.75894140989265
0.0 0
27.995713957675736 27.995713957675736
36.45490364820623 36.45490364820623
30.702605752606736 30.702605752606736
28.00285699709942 28.00285699709942
25.934725755249467 25.934725755249467
23.348019187931126 23.348019187931126
5.70087712549569 5.70087712549569
21.16246677492962 21.16246677492962
2.2561028345356955 2.2561028345356955
0.0 0
24.59044529893674 24.59044529893674
30.702605752606736 30.702605752606736
17.889941307897015 17.889941307897015
27.995713957675736 27.995713957675736
30.02399040767233 30.02399040767233
6.356886030125127 6.356886030125127
0.0 0
2.23606797749979 2.23606797749979
6.4257295305669375 6.4257295305669375
0.0 0
0.0 0
15.076471735787521 15.076471735787521
0.0 0
0.0 0
23.171750041807375 23.171750041807375
34.10703739699478 34.10703739699478
3.3600595232822883 3.3600595232822883
22.617692189964917 22.617692189964917
6.4257295305669375 6.4257295305669375
32.58849490234245 32.58849490234245
12.20245876862528 12.20245876862528
27.005925275761246 27.005925275761246
0.0 0
12.126417442921879 12.126417442921879
1.5264337522473748 1.5264337522473748
5.70087712549569 5.70087712549569
25.903088618927278 25.903088618927278
12.20245876862528 12.20245876862528
8.364807230295268 8.364807230295268
23.171750041807375 23.171750041807375
4.123105625617661 4.123105625617661
4.810405388322278 4.810405388322278
0.0 0
0.0 0
3.3600595232822883 3.3600595232822883
5.70087712549569 5.70087712549569

16.95228598154243 16.95228598154243
3.3600595232822883 3.3600595232822883
4.205948168962618 4.205948168962618
33.391765451979325 33.391765451979325
0.0 0
0.0 0
27.005925275761246 27.005925275761246
7.854934754662193 7.854934754662193
8.364807230295268 8.364807230295268
30.702605752606736 30.702605752606736
23.171750041807375 23.171750041807375
4.601086828130937 4.601086828130937
0.0 0
23.348019187931126 23.348019187931126
24.318922673506737 24.318922673506737
5.70087712549569 5.70087712549569
12.841339493993607 12.841339493993607
21.110187114282052 21.110187114282052
3.3600595232822883 3.3600595232822883
6.356886030125127 6.356886030125127
0.0 0
3.1144823004794873 3.1144823004794873
18.24527336051724 18.24527336051724
24.82780699135548 24.82780699135548
0.0 0.0
0.0 0.0
10.628264204469138 10.628264204469138
12.20245876862528 12.20245876862528
23.688393782610085 23.688393782610085
2.1540659228538015 2.1540659228538015
0.0 0
15.076471735787521 15.076471735787521
0.0 0
18.24527336051724 18.24527336051724
0.0 0
2.1540659228538015 2.1540659228538015
10.855873986004074 10.855873986004074
0.0 0
3.3600595232822883 3.3600595232822883
0.0 0
4.205948168962618 4.205948168962618
12.408464852672147 12.408464852672147
23.058620947489466 23.058620947489466
17.029386365926403 17.029386365926403
12.126417442921879 12.126417442921879
5.70087712549569 5.70087712549569
0.0 0
0.0 0
34.10703739699478 34.10703739699478
6.356886030125127 6.356886030125127
0.0 0
0.0 0
0.0 0
0.0 0
24.59044529893674 24.59044529893674
0.0 0
4.810405388322278 4.810405388322278
5.70087712549569 5.70087712549569
3.3600595232822883 3.3600595232822883
0.0 0
0.0 0
0.0 0
4.205948168962618 4.205948168962618
0.0 0
26.248809496813372 26.248809496813372
6.4257295305669375 6.4257295305669375
4.205948168962618 4.205948168962618
23.171750041807375 23.171750041807375
18.24527336051724 18.24527336051724
0.0 0
5.70087712549569 5.70087712549569
24.59044529893674 24.59044529893674
25.903088618927278 25.903088618927278
33.391765451979325 33.391765451979325
25.98557292037257 25.98557292037257
0.0 0.0
4.205948168962618 4.205948168962618
6.762396025078685 6.762396025078685
23.171750041807375 23.171750041807375
4.205948168962618 4.205948168962618
3.3600595232822883 3.3600595232822883
2.1540659228538015 2.1540659228538015
21.110187114282052 21.110187114282052
4.810405388322278 4.810405388322278
0.0 0.0
8.411896337925237 8.411896337925237
32.045124434147546 32.045124434147546
2.842534080710379 2.842534080710379
0.0 0
0.0 0
8.736704184073076 8.736704184073076
4.601086828130937 4.601086828130937
28.819611378365256 28.819611378365256
22.76356738299162 22.76356738299162
3.3600595232822883 3.3600595232822883
24.59044529893674 24.59044529893674
15.076471735787521 15.076471735787521
0.0 0
23.688393782610085 23.688393782610085
23.688393782610085 23.688393782610085
15.076471735787521 15.076471735787521
21.16246677492962 21.16246677492962
42.85148772213166 42.85148772213166
25.98557292037257 25.98557292037257
8.296987405076617 8.296987405076617
0.0 0
4.079215610874227 4.079215610874227
27.903404810166087 27.903404810166087
2.009975124224178 2.009975124224178
12.701574705523722 12.701574705523722
2.0615528128088303 2.0615528128088303
0.0 0
30.702605752606736 30.702605752606736
4.205948168962618 4.205948168962618
2.23606797749979 2.23606797749979
0.0 0
4.0024992192379 4.0024992192379
1.7204650534085253 1.7204650534085253
21.611339616044166 21.611339616044166
1.7204650534085253 1.7204650534085253
28.00803456153252 28.00803456153252
26.072207424765555 26.072207424765555
31.57625690293262 31.57625690293262
24.808466296810852 24.808466296810852
2.009975124224178 2.009975124224178
2.009975124224178 2.009975124224178
31.81571938523471 31.81571938523471
34.53056616969956 34.53056616969956
0.0 0
26.248809496813372 26.248809496813372
4.079215610874227 4.079215610874227
2.2561028345356955 2.2561028345356955
42.85148772213166 42.85148772213166
25.98557292037257 25.98557292037257
0.0 0
8.296987405076617 8.296987405076617
0.0 0
10.628264204469138 10.628264204469138
4.079215610874227 4.079215610874227
20.478769494283586 20.478769494283586
27.903404810166087 27.903404810166087
24.418026128252055 24.418026128252055
21.611339616044166 21.611339616044166
12.701574705523722 12.701574705523722
33.391765451979325 33.391765451979325
2.0615528128088303 2.0615528128088303
16.564117845511724 16.564117845511724
2.23606797749979 2.23606797749979
23.44802763560296 23.44802763560296
4.810405388322278 4.810405388322278
42.85148772213166 42.85148772213166
0.0 0
3.6249137920783716 3.6249137920783716
25.98557292037257 25.98557292037257
34.53056616969956 34.53056616969956
8.411896337925237 8.411896337925237
8.296987405076617 8.296987405076617
24.418026128252055 24.418026128252055
0.0 0
23.348019187931126 23.348019187931126
16.058953888718904 16.058953888718904
4.079215610874227 4.079215610874227
21.611339616044166 21.611339616044166
27.903404810166087 27.903404810166087
12.701574705523722 12.701574705523722
2.009975124224178 2.009975124224178
15.822136391777187 15.822136391777187
19.523319389898838 19.523319389898838
12.701574705523722 12.701574705523722
0.0 0
15.076471735787521 15.076471735787521
2.0615528128088303 2.0615528128088303
0.0 0
71816538925 20.383571816538925
15.822136391777187 15.822136391777187
30.702605752606736 30.702605752606736
29.854312921251427 29.854312921251427
4.205948168962618 4.205948168962618
6.356886030125127 6.356886030125127
10.628264204469138 10.628264204469138
2.23606797749979 2.23606797749979
26.987404469492798 26.987404469492798
0.0 0
0.0 0
1.6401219466856727 1.6401219466856727
4.0024992192379 4.0024992192379
32.58849490234245 32.58849490234245
30.02399040767233 30.02399040767233
1.7204650534085253 1.7204650534085253
0.0 0.0
25.934725755249467 25.934725755249467
21.611339616044166 21.611339616044166
18.25267103741258 18.25267103741258
22.50799857828323 22.50799857828323

28.00803456153252 28.00803456153252
28.819611378365256 28.819611378365256
12.36931687685298 12.36931687685298
26.072207424765555 26.072207424765555
33.391765451979325 33.391765451979325
20.478769494283586 20.478769494283586
31.57625690293262 31.57625690293262
26.1658173959844 26.1658173959844
3.3600595232822883 3.3600595232822883
1.5264337522473748 1.5264337522473748
24.808466296810852 24.808466296810852
15.822136391777187 15.822136391777187
19.523319389898838 19.523319389898838
2.009975124224178 2.009975124224178
4.205948168962618 4.205948168962618
2.009975124224178 2.009975124224178
0.0 0
4.079215610874227 4.079215610874227
6.293647591023825 6.293647591023825
31.81571938523471 31.81571938523471
3.3600595232822883 3.3600595232822883
8.411896337925237 8.411896337925237
20.478769494283586 20.478769494283586
34.53056616969956 34.53056616969956
23.171750041807375 23.171750041807375
0.0 0
19.622436138257655 19.622436138257655
26.248809496813372 26.248809496813372
4.079215610874227 4.079215610874227
30.702605752606736 30.702605752606736
2.2561028345356955 2.2561028345356955
0.0 0.0
0.0 0
27.005925275761246 27.005925275761246
10.628264204469138 10.628264204469138
2.23606797749979 2.23606797749979

4.8270073544588685 4.8270073544588685
1.7204650534085253 1.7204650534085253
20.478769494283586 20.478769494283586
36.45490364820623 36.45490364820623
16.058953888718904 16.058953888718904
21.611339616044166 21.611339616044166
0.0 0.0
0.0 0
0.0 0
33.391765451979325 33.391765451979325
17.029386365926403 17.029386365926403
16.564117845511724 16.564117845511724
29.854312921251427 29.854312921251427
23.44802763560296 23.44802763560296
2.1540659228538015 2.1540659228538015
8.509406559801922 8.509406559801922
3.6249137920783716 3.6249137920783716
1.7204650534085253 1.7204650534085253
0.0 0
34.53056616969956 34.53056616969956
21.611339616044166 21.611339616044166
24.418026128252055 24.418026128252055
23.171750041807375 23.171750041807375
24.59044529893674 24.59044529893674
4.810405388322278 4.810405388322278
16.058953888718904 16.058953888718904
42.85148772213166 42.85148772213166
12.701574705523722 12.701574705523722
30.702605752606736 30.702605752606736
25.98557292037257 25.98557292037257
10.628264204469138 10.628264204469138
15.822136391777187 15.822136391777187
12.841339493993607 12.841339493993607
0.0 0
4.810405388322278 4.810405388322278
20.478769494283586 20.478769494283586
8.296987405076617 8.296987405076617
18.25267103741258 18.25267103741258
0.0 0
33.39011829868232 33.39011829868232
9.902019995940222 9.902019995940222
4.079215610874227 4.079215610874227
4.94064773081425 4.94064773081425
4.205948168962618 4.205948168962618
27.903404810166087 27.903404810166087
6.293647591023825 6.293647591023825
0.0 0
2.009975124224178 2.009975124224178
25.98557292037257 25.98557292037257
8.2 8.2
12.701574705523722 12.701574705523722
4.079215610874227 4.079215610874227
24.82780699135548 24.82780699135548
2.0615528128088303 2.0615528128088303
9.902019995940222 9.902019995940222
27.86772326545532 27.86772326545532
0.0 0
4.079215610874227 4.079215610874227
22.76356738299162 22.76356738299162
30.702605752606736 30.702605752606736
0.0 0
30.702605752606736 30.702605752606736
4.205948168962618 4.205948168962618
27.903404810166087 27.903404810166087
31.594461539959816 31.594461539959816
2.23606797749979 2.23606797749979
0.0 0
0.0 0
12.841339493993607 12.841339493993607
4.0024992192379 4.0024992192379
1.7204650534085253 1.7204650534085253
32.58849490234245 32.58849490234245
21.611339616044166 21.611339616044166
33.39011829868232 33.39011829868232
15.822136391777187 15.822136391777187
1.7204650534085253 1.7204650534085253
23.348019187931126 23.348019187931126
0.0 0.0
42.85148772213166 42.85148772213166
28.00803456153252 28.00803456153252
10.628264204469138 10.628264204469138
4.8270073544588685 4.8270073544588685
10.628264204469138 10.628264204469138
23.171750041807375 23.171750041807375
26.072207424765555 26.072207424765555
16.058953888718904 16.058953888718904
0.0 0
30.02399040767233 30.02399040767233
23.44802763560296 23.44802763560296
0.0 0
31.57625690293262 31.57625690293262
0.0 0.0
494283586 20.478769494283586
17.029386365926403 17.029386365926403
24.808466296810852 24.808466296810852
18.25267103741258 18.25267103741258

5.70087712549569 5.70087712549569
2.009975124224178 2.009975124224178
2.1540659228538015 2.1540659228538015
2.009975124224178 2.009975124224178
28.819611378365256 28.819611378365256
1.7204650534085253 1.7204650534085253
11.321660655575224 11.321660655575224
31.81571938523471 31.81571938523471
33.391765451979325 33.391765451979325
21.611339616044166 21.611339616044166
34.53056616969956 34.53056616969956
3.3600595232822883 3.3600595232822883
24.59044529893674 24.59044529893674
21.06679852279411 21.06679852279411
0.0 0
30.702605752606736 30.702605752606736
36.45490364820623 36.45490364820623

12.841339493993607 12.841339493993607
3.6249137920783716 3.6249137920783716
4.079215610874227 4.079215610874227
20.478769494283586 20.478769494283586
4.810405388322278 4.810405388322278

2.1540659228538015 2.1540659228538015
2.2561028345356955 2.2561028345356955
18.25267103741258 18.25267103741258
8.411896337925237 8.411896337925237
15.076471735787521 15.076471735787521
33.39011829868232 33.39011829868232
2.1540659228538015 2.1540659228538015
23.171750041807375 23.171750041807375
4.94064773081425 4.94064773081425
42.85148772213166 42.85148772213166
4.810405388322278 4.810405388322278
16.058953888718904 16.058953888718904
9.902019995940222 9.902019995940222
25.98557292037257 25.98557292037257
6.293647591023825 6.293647591023825
12.841339493993607 12.841339493993607
8.296987405076617 8.296987405076617
25.98557292037257 25.98557292037257
0.0 0
4.601086828130937 4.601086828130937
15.076471735787521 15.076471735787521
1.6401219466856727 1.6401219466856727
32.58849490234245 32.58849490234245
29.759368272864936 29.759368272864936
4.079215610874227 4.079215610874227
22.617692189964917 22.617692189964917
29.741553422778708 29.741553422778708
42.85148772213166 42.85148772213166
20.383571816538925 20.383571816538925
21.611339616044166 21.611339616044166
4.8270073544588685 4.8270073544588685
26.987404469492798 26.987404469492798
12.701574705523722 12.701574705523722
0.0 0
16.058953888718904 16.058953888718904
23.44802763560296 23.44802763560296
2.0615528128088303 2.0615528128088303
0.0 0
9.902019995940222 9.902019995940222
2.23606797749979 2.23606797749979
17.029386365926403 17.029386365926403
16.564117845511724 16.564117845511724
4.079215610874227 4.079215610874227
31.594461539959816 31.594461539959816
29.854312921251427 29.854312921251427
3.6249137920783716 3.6249137920783716
30.702605752606736 30.702605752606736
2.1540659228538015 2.1540659228538015
4.205948168962618 4.205948168962618
27.903404810166087 27.903404810166087
0.0 0.0
1.7204650534085253 1.7204650534085253
2.0615528128088303 2.0615528128088303
12.841339493993607 12.841339493993607
21.611339616044166 21.611339616044166
2.0615528128088303 2.0615528128088303
30.702605752606736 30.702605752606736
8.509406559801922 8.509406559801922
32.58849490234245 32.58849490234245
0.0 0
24.59044529893674 24.59044529893674
33.39011829868232 33.39011829868232
18.25267103741258 18.25267103741258
42.85148772213166 42.85148772213166
4.205948168962618 4.205948168962618
23.348019187931126 23.348019187931126
30.702605752606736 30.702605752606736
0.0 0
25.98557292037257 25.98557292037257
25.903088618927278 25.903088618927278
0.0 0
10.628264204469138 10.628264204469138
12.841339493993607 12.841339493993607
4.205948168962618 4.205948168962618
8.296987405076617 8.296987405076617
29.741553422778708 29.741553422778708
2.23606797749979 2.23606797749979
23.171750041807375 23.171750041807375
4.810405388322278 4.810405388322278
25.903088618927278 25.903088618927278
0.0 0
8.523496934944014 8.523496934944014
23.171750041807375 23.171750041807375
23.44802763560296 23.44802763560296
18.25267103741258 18.25267103741258
10.855873986004074 10.855873986004074
4.079215610874227 4.079215610874227
12.701574705523722 12.701574705523722
33.39011829868232 33.39011829868232
20.478769494283586 20.478769494283586
27.903404810166087 27.903404810166087
4.205948168962618 4.205948168962618
0.0 0
4.94064773081425 4.94064773081425
5.70087712549569 5.70087712549569
0.0 0
2.009975124224178 2.009975124224178
6.293647591023825 6.293647591023825
25.934725755249467 25.934725755249467
23.44802763560296 23.44802763560296
12.701574705523722 12.701574705523722
25.98557292037257 25.98557292037257
2.0615528128088303 2.0615528128088303
27.005925275761246 27.005925275761246
15.076471735787521 15.076471735787521
0.0 0
8.411896337925237 8.411896337925237
4.079215610874227 4.079215610874227
42.85148772213166 42.85148772213166
30.702605752606736 30.702605752606736
25.98557292037257 25.98557292037257
9.902019995940222 9.902019995940222
15.076471735787521 15.076471735787521
4.205948168962618 4.205948168962618
34.53056616969956 34.53056616969956
16.31349134918703 16.31349134918703
21.611339616044166 21.611339616044166
2.23606797749979 2.23606797749979
27.903404810166087 27.903404810166087
18.309833423600555 18.309833423600555
11.321660655575224 11.321660655575224
4.079215610874227 4.079215610874227
0.0 0
0.0 0
22.50799857828323 22.50799857828323
0.0 0.0
4.0024992192379 4.0024992192379
36.45490364820623 36.45490364820623
23.058620947489466 23.058620947489466
0.0 0
4.810405388322278 4.810405388322278

20.478769494283586 20.478769494283586
36.45490364820623 36.45490364820623
27.903404810166087 27.903404810166087
10.855873986004074 10.855873986004074
21.611339616044166 21.611339616044166
2.1540659228538015 2.1540659228538015
1.7204650534085253 1.7204650534085253
25.98557292037257 25.98557292037257
8.736704184073076 8.736704184073076
12.841339493993607 12.841339493993607
28.00803456153252 28.00803456153252
26.248809496813372 26.248809496813372
0.0 0
23.44802763560296 23.44802763560296
32.58849490234245 32.58849490234245
0.0 0
2.1540659228538015 2.1540659228538015
26.072207424765555 26.072207424765555
1.5264337522473748 1.5264337522473748
33.39011829868232 33.39011829868232
10.855873986004074 10.855873986004074
33.391765451979325 33.391765451979325
9.902019995940222 9.902019995940222
23.348019187931126 23.348019187931126
31.57625690293262 31.57625690293262
22.50799857828323 22.50799857828323
12.841339493993607 12.841339493993607
28.00803456153252 28.00803456153252
0.0 0
24.808466296810852 24.808466296810852
10.628264204469138 10.628264204469138
6.463745044476925 6.463745044476925
23.171750041807375 23.171750041807375
15.822136391777187 15.822136391777187
4.601086828130937 4.601086828130937
3.3600595232822883 3.3600595232822883
23.44802763560296 23.44802763560296
2.009975124224178 2.009975124224178
26.248809496813372 26.248809496813372
6.762396025078685 6.762396025078685
32.58849490234245 32.58849490234245
3.6249137920783716 3.6249137920783716
23.688393782610085 23.688393782610085
22.617692189964917 22.617692189964917
31.81571938523471 31.81571938523471
23.44802763560296 23.44802763560296
0.0 0
5.70087712549569 5.70087712549569
20.383571816538925 20.383571816538925
9.902019995940222 9.902019995940222
34.53056616969956 34.53056616969956
0.0 0
66296810852 24.808466296810852
19.523319389898838 19.523319389898838
26.000769219390413 26.000769219390413
31.594461539959816 31.594461539959816
0.0 0
4.205948168962618 4.205948168962618
4.079215610874227 4.079215610874227
13.556548233234006 13.556548233234006
0.0 0.0
8.364807230295268 8.364807230295268
16.058953888718904 16.058953888718904
0.0 0
28128088303 2.0615528128088303
2.2561028345356955 2.2561028345356955
12.126417442921879 12.126417442921879
3.1144823004794873 3.1144823004794873
37.13825520941984 37.13825520941984
8.364807230295268 8.364807230295268
0.0 0
6.762396025078685 6.762396025078685
6.356886030125127 6.356886030125127
1.6401219466856727 1.6401219466856727
10.628264204469138 10.628264204469138
4.205948168962618 4.205948168962618
15.822136391777187 15.822136391777187
28.819611378365256 28.819611378365256
20.478769494283586 20.478769494283586
24.82780699135548 24.82780699135548
4.237924020083418 4.237924020083418
21.611339616044166 21.611339616044166
24.016869071550524 24.016869071550524
23.171750041807375 23.171750041807375
12.126417442921879 12.126417442921879
8.736704184073076 8.736704184073076
36.45490364820623 36.45490364820623
0.0 0
31.594461539959816 31.594461539959816
33.391765451979325 33.391765451979325
6.260990336999411 6.260990336999411
12.36931687685298 12.36931687685298

31.594461539959816 31.594461539959816
16.564117845511724 16.564117845511724
30.02399040767233 30.02399040767233
23.44802763560296 23.44802763560296
17.029386365926403 17.029386365926403
3.6249137920783716 3.6249137920783716
0.0 0
3.6249137920783716 3.6249137920783716
2.1540659228538015 2.1540659228538015
0.0 0
24.318922673506737 24.318922673506737
34.53056616969956 34.53056616969956
6.356886030125127 6.356886030125127
6.4257295305669375 6.4257295305669375
24.418026128252055 24.418026128252055
0.0 0.0
35.285266046892716 35.285266046892716
1.6401219466856727 1.6401219466856727
0.0 0
16.058953888718904 16.058953888718904
4.237924020083418 4.237924020083418
6.356886030125127 6.356886030125127
3.3600595232822883 3.3600595232822883
12.701574705523722 12.701574705523722
4.205948168962618 4.205948168962618
27.995713957675736 27.995713957675736
0.0 0
0.0 0.0
23.058620947489466 23.058620947489466
15.822136391777187 15.822136391777187
3.3600595232822883 3.3600595232822883
9.902019995940222 9.902019995940222
0.0 0
7.854934754662193 7.854934754662193
9.902019995940222 9.902019995940222
3.6249137920783716 3.6249137920783716
15.822136391777187 15.822136391777187
0.0 0.0
24.016869071550524 24.016869071550524
0.0 0.0
4.272001872658765 4.272001872658765
21.110187114282052 21.110187114282052
10.628264204469138 10.628264204469138
0.0 0
24.82780699135548 24.82780699135548
0.0 0
24.82780699135548 24.82780699135548
0.0 0
30.02399040767233 30.02399040767233
17.75894140989265 17.75894140989265
0.0 0.0
29.741553422778708 29.741553422778708
3.3600595232822883 3.3600595232822883
23.171750041807375 23.171750041807375
18.25267103741258 18.25267103741258
33.391765451979325 33.391765451979325
18.24527336051724 18.24527336051724
28.819611378365256 28.819611378365256
4.94064773081425 4.94064773081425
0.0 0
33.391765451979325 33.391765451979325
26.000769219390413 26.000769219390413
3.3600595232822883 3.3600595232822883
15.822136391777187 15.822136391777187
2.23606797749979 2.23606797749979
0.0 0
25.903088618927278 25.903088618927278
6.293647591023825 6.293647591023825
12.126417442921879 12.126417442921879
3.3600595232822883 3.3600595232822883
2.1540659228538015 2.1540659228538015
8.411896337925237 8.411896337925237
28.00285699709942 28.00285699709942
23.171750041807375 23.171750041807375
27.995713957675736 27.995713957675736
4.810405388322278 4.810405388322278
23.688393782610085 23.688393782610085
8.509406559801922 8.509406559801922
21.16246677492962 21.16246677492962
27.995713957675736 27.995713957675736
42.85148772213166 42.85148772213166
25.98557292037257 25.98557292037257
8.296987405076617 8.296987405076617
0.0 0
4.079215610874227 4.079215610874227
27.903404810166087 27.903404810166087
2.009975124224178 2.009975124224178
12.701574705523722 12.701574705523722
2.0615528128088303 2.0615528128088303
0.0 0
0.0 0
26.987404469492798 26.987404469492798
2.23606797749979 2.23606797749979
0.0 0
4.0024992192379 4.0024992192379
1.7204650534085253 1.7204650534085253
21.611339616044166 21.611339616044166
18.25267103741258 18.25267103741258
1.7204650534085253 1.7204650534085253
7.484650960465691 7.484650960465691
33.39011829868232 33.39011829868232
11.321660655575224 11.321660655575224
24.808466296810852 24.808466296810852
12.841339493993607 12.841339493993607
1.7204650534085253 1.7204650534085253
22.50799857828323 22.50799857828323
16.900887550658396 16.900887550658396
30.702605752606736 30.702605752606736
34.53056616969956 34.53056616969956
29.741553422778708 29.741553422778708
12.841339493993607 12.841339493993607
26.1658173959844 26.1658173959844
27.005925275761246 27.005925275761246
9.902019995940222 9.902019995940222
16.95228598154243 16.95228598154243
2.08806130178211 2.08806130178211
0.0 0.0
30.02399040767233 30.02399040767233
0.0 0
42.85148772213166 42.85148772213166
0.0 0.0
0.0 0
42.85148772213166 42.85148772213166
6.463745044476925 6.463745044476925
25.98557292037257 25.98557292037257
4.237924020083418 4.237924020083418
8.296987405076617 8.296987405076617
25.98557292037257 25.98557292037257
0.0 0
37.13825520941984 37.13825520941984
8.296987405076617 8.296987405076617
4.079215610874227 4.079215610874227
2.009975124224178 2.009975124224178
0.0 0
27.903404810166087 27.903404810166087
34.53056616969956 34.53056616969956
4.079215610874227 4.079215610874227
2.009975124224178 2.009975124224178
2.009975124224178 2.009975124224178
27.903404810166087 27.903404810166087
12.701574705523722 12.701574705523722
1.5264337522473748 1.5264337522473748
2.0615528128088303 2.0615528128088303
24.82780699135548 24.82780699135548
2.009975124224178 2.009975124224178
0.0 0
12.701574705523722 12.701574705523722
30.702605752606736 30.702605752606736
3.3600595232822883 3.3600595232822883
2.0615528128088303 2.0615528128088303
24.016869071550524 24.016869071550524
4.205948168962618 4.205948168962618
27.995713957675736 27.995713957675736
2.23606797749979 2.23606797749979
0.0 0
2.23606797749979 2.23606797749979
0.0 0
30.702605752606736 30.702605752606736
4.601086828130937 4.601086828130937
4.0024992192379 4.0024992192379
4.205948168962618 4.205948168962618
42.85148772213166 42.85148772213166
12.841339493993607 12.841339493993607
26.987404469492798 26.987404469492798
25.98557292037257 25.98557292037257
2.23606797749979 2.23606797749979
1.7204650534085253 1.7204650534085253
6.762396025078685 6.762396025078685
8.296987405076617 8.296987405076617
6.463745044476925 6.463745044476925
0.0 0
13957675736 27.995713957675736
0.0 0
23.348019187931126 23.348019187931126
4.079215610874227 4.079215610874227
25.903088618927278 25.903088618927278
4.0024992192379 4.0024992192379
26.1658173959844 26.1658173959844
27.903404810166087 27.903404810166087
1.7204650534085253 1.7204650534085253
26.072207424765555 26.072207424765555
23.688393782610085 23.688393782610085
21.611339616044166 21.611339616044166
2.009975124224178 2.009975124224178
31.57625690293262 31.57625690293262
12.701574705523722 12.701574705523722
1.7204650534085253 1.7204650534085253
24.808466296810852 24.808466296810852
2.0615528128088303 2.0615528128088303
7.484650960465691 7.484650960465691
3.1144823004794873 3.1144823004794873
0.0 0
23004794873 3.1144823004794873
9.302150289046077 9.302150289046077
42.85148772213166 42.85148772213166
12.701574705523722 12.701574705523722
8.08084154033477 8.08084154033477
30.702605752606736 30.702605752606736
2.23606797749979 2.23606797749979
30.702605752606736 30.702605752606736
4.205948168962618 4.205948168962618
24.808466296810852 24.808466296810852
8.364807230295268 8.364807230295268
17.11724276862369 17.11724276862369
2.23606797749979 2.23606797749979
33.391765451979325 33.391765451979325
25.934725755249467 25.934725755249467
0.0 0
19.25746608461248 19.25746608461248
12.841339493993607 12.841339493993607
4.079215610874227 4.079215610874227
19.024457942343588 19.024457942343588
1.7204650534085253 1.7204650534085253
42.85148772213166 42.85148772213166
4.0024992192379 4.0024992192379
5.1312766442669995 5.1312766442669995
2.842534080710379 2.842534080710379
25.98557292037257 25.98557292037257
0.0 0
2.842534080710379 2.842534080710379
1.7204650534085253 1.7204650534085253
8.296987405076617 8.296987405076617
0.0 0
2.2561028345356955 2.2561028345356955
21.611339616044166 21.611339616044166
0.0 0
8.411896337925237 8.411896337925237
8.411896337925237 8.411896337925237
1.7204650534085253 1.7204650534085253
4.079215610874227 4.079215610874227
0.0 0
20.383571816538925 20.383571816538925
27.903404810166087 27.903404810166087
27.995713957675736 27.995713957675736
6.260990336999411 6.260990336999411
0.0 0
26.072207424765555 26.072207424765555
29.59408724728641 29.59408724728641
8.736704184073076 8.736704184073076
26.1658173959844 26.1658173959844

31.57625690293262 31.57625690293262
12.701574705523722 12.701574705523722
32.58849490234245 32.58849490234245
1.6401219466856727 1.6401219466856727
2.0615528128088303 2.0615528128088303
7.863841300535 7.863841300535
24.808466296810852 24.808466296810852
9.302150289046077 9.302150289046077
1.6401219466856727 1.6401219466856727
0.0 0
23.44802763560296 23.44802763560296

2.23606797749979 2.23606797749979
2.2561028345356955 2.2561028345356955
19.523319389898838 19.523319389898838
19.622436138257655 19.622436138257655
4.205948168962618 4.205948168962618
27.005925275761246 27.005925275761246
31.594461539959816 31.594461539959816
0.0 0.0
752606736 30.702605752606736
8.296987405076617 8.296987405076617
26.1658173959844 26.1658173959844
33.391765451979325 33.391765451979325
33.80369802255369 33.80369802255369
29.59408724728641 29.59408724728641
0.0 0
8.364807230295268 8.364807230295268
0.0 0
4.079215610874227 4.079215610874227

30.702605752606736 30.702605752606736
2.23606797749979 2.23606797749979
22.769277546729498 22.769277546729498
14.716657229140045 14.716657229140045
26.072207424765555 26.072207424765555
0.0 0
4.079215610874227 4.079215610874227
23.44802763560296 23.44802763560296

22.76356738299162 22.76356738299162
22.50799857828323 22.50799857828323
4.0024992192379 4.0024992192379
27.903404810166087 27.903404810166087
3.1144823004794873 3.1144823004794873
2.1540659228538015 2.1540659228538015
6.4257295305669375 6.4257295305669375
1.7204650534085253 1.7204650534085253
26.248809496813372 26.248809496813372
16.058953888718904 16.058953888718904
2.009975124224178 2.009975124224178
0.0 0
29.759368272864936 29.759368272864936
6.762396025078685 6.762396025078685

20.478769494283586 20.478769494283586
12.701574705523722 12.701574705523722
1.7204650534085253 1.7204650534085253
2.0615528128088303 2.0615528128088303
2.1540659228538015 2.1540659228538015
4.272001872658765 4.272001872658765
28.00803456153252 28.00803456153252
0.0 0
28.00285699709942 28.00285699709942
0.0 0
16.564117845511724 16.564117845511724
26.072207424765555 26.072207424765555
14.716657229140045 14.716657229140045
30.02399040767233 30.02399040767233

26.248809496813372 26.248809496813372
31.594461539959816 31.594461539959816
31.57625690293262 31.57625690293262
12.36931687685298 12.36931687685298
29.59408724728641 29.59408724728641
4.205948168962618 4.205948168962618
42.85148772213166 42.85148772213166
0.0 0
13957675736 27.995713957675736
30.702605752606736 30.702605752606736
25.98557292037257 25.98557292037257
12.126417442921879 12.126417442921879
32.58849490234245 32.58849490234245
4.94064773081425 4.94064773081425

8.296987405076617 8.296987405076617
0.0 0
2.009975124224178 2.009975124224178
8.364807230295268 8.364807230295268
3.3600595232822883 3.3600595232822883
3.3600595232822883 3.3600595232822883
42.85148772213166 42.85148772213166
0.0 0
25.98557292037257 25.98557292037257
0.0 0
4.0024992192379 4.0024992192379
2.23606797749979 2.23606797749979
10.628264204469138 10.628264204469138
2.009975124224178 2.009975124224178
0.0 0
4.079215610874227 4.079215610874227
8.296987405076617 8.296987405076617
25.98557292037257 25.98557292037257
29.741553422778708 29.741553422778708
1.7204650534085253 1.7204650534085253
0.0 0
31.81571938523471 31.81571938523471
27.903404810166087 27.903404810166087
0.0 0
26.987404469492798 26.987404469492798
8.296987405076617 8.296987405076617
32.58849490234245 32.58849490234245
2.009975124224178 2.009975124224178
21.611339616044166 21.611339616044166
34.53056616969956 34.53056616969956
4.079215610874227 4.079215610874227
19.523319389898838 19.523319389898838
2.009975124224178 2.009975124224178
1.7204650534085253 1.7204650534085253
0.0 0
27.903404810166087 27.903404810166087
18.24527336051724 18.24527336051724

4.079215610874227 4.079215610874227
12.701574705523722 12.701574705523722
4.079215610874227 4.079215610874227
0.0 0
28.00803456153252 28.00803456153252
24.418026128252055 24.418026128252055
22.76356738299162 22.76356738299162
0.0 0
26.248809496813372 26.248809496813372
24.016869071550524 24.016869071550524
2.0615528128088303 2.0615528128088303
12.701574705523722 12.701574705523722
26.072207424765555 26.072207424765555
27.903404810166087 27.903404810166087
27.005925275761246 27.005925275761246
19.622436138257655 19.622436138257655
4.079215610874227 4.079215610874227
0.0 0
23.688393782610085 23.688393782610085
2.0615528128088303 2.0615528128088303
0.0 0
0.0 0
31.57625690293262 31.57625690293262
10.628264204469138 10.628264204469138
2.009975124224178 2.009975124224178
10.855873986004074 10.855873986004074
2.2561028345356955 2.2561028345356955
30.702605752606736 30.702605752606736
2.23606797749979 2.23606797749979
12.701574705523722 12.701574705523722
2.23606797749979 2.23606797749979
30.702605752606736 30.702605752606736
0.0 0
29.741553422778708 29.741553422778708
24.808466296810852 24.808466296810852
0.0 0
5388322278 4.810405388322278
4.205948168962618 4.205948168962618
3.6249137920783716 3.6249137920783716
2.0615528128088303 2.0615528128088303
23.688393782610085 23.688393782610085
10.628264204469138 10.628264204469138
2.009975124224178 2.009975124224178
26.000769219390413 26.000769219390413
0.0 0
2.23606797749979 2.23606797749979
29.741553422778708 29.741553422778708
6.762396025078685 6.762396025078685
0.0 0
20.478769494283586 20.478769494283586
4.205948168962618 4.205948168962618
8.411896337925237 8.411896337925237
2.009975124224178 2.009975124224178
0.0 0
7.854934754662193 7.854934754662193
30.702605752606736 30.702605752606736
23.171750041807375 23.171750041807375
32.58849490234245 32.58849490234245
31.81571938523471 31.81571938523471
21.611339616044166 21.611339616044166
4.0024992192379 4.0024992192379
23.348019187931126 23.348019187931126
4.205948168962618 4.205948168962618
12.36931687685298 12.36931687685298
33.391765451979325 33.391765451979325
1.7204650534085253 1.7204650534085253
21.611339616044166 21.611339616044166
21.242645786248 21.242645786248
2.23606797749979 2.23606797749979
8.2 8.2
16.564117845511724 16.564117845511724
19.523319389898838 19.523319389898838
0.0 0
21.611339616044166 21.611339616044166
0.0 0
0.0 0
24.82780699135548 24.82780699135548
23.44802763560296 23.44802763560296
15.076471735787521 15.076471735787521
4.0024992192379 4.0024992192379
0.0 0
17.03907274472411 17.03907274472411
1.7204650534085253 1.7204650534085253
3.6249137920783716 3.6249137920783716
24.418026128252055 24.418026128252055
28.00803456153252 28.00803456153252
1.7204650534085253 1.7204650534085253
0.0 0
23.44802763560296 23.44802763560296
34.53056616969956 34.53056616969956
4.079215610874227 4.079215610874227
26.072207424765555 26.072207424765555
33.80369802255369 33.80369802255369
21.611339616044166 21.611339616044166
32.045124434147546 32.045124434147546
6.356886030125127 6.356886030125127
24.418026128252055 24.418026128252055
2.2561028345356955 2.2561028345356955
31.57625690293262 31.57625690293262
12.126417442921879 12.126417442921879
1.7204650534085253 1.7204650534085253
26.987404469492798 26.987404469492798
2.1540659228538015 2.1540659228538015
0.0 0
0.0 0
16.058953888718904 16.058953888718904
28.00803456153252 28.00803456153252
24.808466296810852 24.808466296810852
1.6401219466856727 1.6401219466856727
28.00285699709942 28.00285699709942
10.628264204469138 10.628264204469138
26.072207424765555 26.072207424765555
0.0 0
12.701574705523722 12.701574705523722
32.58849490234245 32.58849490234245
20.478769494283586 20.478769494283586
23.44802763560296 23.44802763560296
7.854934754662193 7.854934754662193
33.391765451979325 33.391765451979325
15.822136391777187 15.822136391777187
31.57625690293262 31.57625690293262
25.934725755249467 25.934725755249467
6.762396025078685 6.762396025078685
19.523319389898838 19.523319389898838
23.171750041807375 23.171750041807375
21.611339616044166 21.611339616044166
0.0 0
22.50799857828323 22.50799857828323
24.808466296810852 24.808466296810852
30.702605752606736 30.702605752606736
2.118962010041709 2.118962010041709
24.82780699135548 24.82780699135548
33.391765451979325 33.391765451979325
33.391765451979325 33.391765451979325
15.822136391777187 15.822136391777187
12.36931687685298 12.36931687685298
2.009975124224178 2.009975124224178
17.75894140989265 17.75894140989265
0.0 0.0
3.6249137920783716 3.6249137920783716
4.079215610874227 4.079215610874227
20.478769494283586 20.478769494283586
10.628264204469138 10.628264204469138
2.009975124224178 2.009975124224178
0.0 0
2.570992026436488 2.570992026436488
23.44802763560296 23.44802763560296
26.1658173959844 26.1658173959844
29.741553422778708 29.741553422778708
0.0 0
31.81571938523471 31.81571938523471
30.02399040767233 30.02399040767233
3.6249137920783716 3.6249137920783716
2.570992026436488 2.570992026436488
0.0 0.0
232822883 3.3600595232822883
34.53056616969956 34.53056616969956
0.0 0.0
34.53056616969956 34.53056616969956
18.25267103741258 18.25267103741258
15.822136391777187 15.822136391777187
0.0 0
18.309833423600555 18.309833423600555
0.0 0
24.418026128252055 24.418026128252055
28.819611378365256 28.819611378365256
4.079215610874227 4.079215610874227
26.248809496813372 26.248809496813372
21.242645786248 21.242645786248
21.06679852279411 21.06679852279411
16.058953888718904 16.058953888718904
33.391765451979325 33.391765451979325
27.005925275761246 27.005925275761246
4.079215610874227 4.079215610874227
0.0 0
12.701574705523722 12.701574705523722
2.0615528128088303 2.0615528128088303
3.3600595232822883 3.3600595232822883
27.995713957675736 27.995713957675736
23.348019187931126 23.348019187931126
15.822136391777187 15.822136391777187
2.2561028345356955 2.2561028345356955
15.822136391777187 15.822136391777187
30.702605752606736 30.702605752606736
0.0 0
0.0 0
10.628264204469138 10.628264204469138
0.0 0
0.0 0
26.987404469492798 26.987404469492798
15.822136391777187 15.822136391777187
20.478769494283586 20.478769494283586
0.0 0
6.293647591023825 6.293647591023825
0.0 0.0
17.75894140989265 17.75894140989265
0.0 0.0
3.3600595232822883 3.3600595232822883
21.611339616044166 21.611339616044166
10.628264204469138 10.628264204469138
8.411896337925237 8.411896337925237
33.391765451979325 33.391765451979325
31.594461539959816 31.594461539959816
2.0615528128088303 2.0615528128088303
23.171750041807375 23.171750041807375
16.564117845511724 16.564117845511724
0.0 0
28.00803456153252 28.00803456153252
4.810405388322278 4.810405388322278
23.44802763560296 23.44802763560296
27.005925275761246 27.005925275761246
17.03907274472411 17.03907274472411
2.118962010041709 2.118962010041709
2.009975124224178 2.009975124224178
0.0 0.0
6.4257295305669375 6.4257295305669375
9.902019995940222 9.902019995940222
34.53056616969956 34.53056616969956
8.736704184073076 8.736704184073076
18.25267103741258 18.25267103741258
21.06679852279411 21.06679852279411
8.509406559801922 8.509406559801922
8.364807230295268 8.364807230295268
0.0 0.0
23.171750041807375 23.171750041807375
28.819611378365256 28.819611378365256
17.029386365926403 17.029386365926403
22.617692189964917 22.617692189964917
33.391765451979325 33.391765451979325
18.24527336051724 18.24527336051724

25.300197627686625 25.300197627686625
3.3600595232822883 3.3600595232822883
35.80349144985723 35.80349144985723
0.0 0
16.058953888718904 16.058953888718904
15.822136391777187 15.822136391777187
26.000769219390413 26.000769219390413
0.0 0
1.5264337522473748 1.5264337522473748
6.293647591023825 6.293647591023825
0.0 0
3.3600595232822883 3.3600595232822883
0.0 0
7.854934754662193 7.854934754662193
25.98557292037257 25.98557292037257
1.5264337522473748 1.5264337522473748
3.3600595232822883 3.3600595232822883
0.0 0
61539959816 31.594461539959816
8.411896337925237 8.411896337925237
25.903088618927278 25.903088618927278
23.171750041807375 23.171750041807375
1.7204650534085253 1.7204650534085253
32.58849490234245 32.58849490234245
28.819611378365256 28.819611378365256
4.810405388322278 4.810405388322278
7.854934754662193 7.854934754662193
0.0 0
0.0 0.0
29.854312921251427 29.854312921251427
29.741553422778708 29.741553422778708
6.762396025078685 6.762396025078685
6.762396025078685 6.762396025078685
8.509406559801922 8.509406559801922
3.3600595232822883 3.3600595232822883
7.854934754662193 7.854934754662193
21.16246677492962 21.16246677492962
29.741553422778708 29.741553422778708
0.0 0.0
1.5264337522473748 1.5264337522473748
27.995713957675736 27.995713957675736
2.08806130178211 2.08806130178211
0.0 0
29.741553422778708 29.741553422778708
0.0 0
22.76356738299162 22.76356738299162
15.076471735787521 15.076471735787521
34.53056616969956 34.53056616969956
0.0 0
0.0 0
23.171750041807375 23.171750041807375
42.85148772213166 42.85148772213166
25.98557292037257 25.98557292037257
8.296987405076617 8.296987405076617
0.0 0
4.079215610874227 4.079215610874227
27.903404810166087 27.903404810166087
2.009975124224178 2.009975124224178
12.701574705523722 12.701574705523722
2.0615528128088303 2.0615528128088303
0.0 0
30.702605752606736 30.702605752606736
4.205948168962618 4.205948168962618
2.23606797749979 2.23606797749979
0.0 0
4.0024992192379 4.0024992192379
42.85148772213166 42.85148772213166
1.7204650534085253 1.7204650534085253
25.98557292037257 25.98557292037257
21.611339616044166 21.611339616044166
8.296987405076617 8.296987405076617
1.7204650534085253 1.7204650534085253
0.0 0
28.00803456153252 28.00803456153252
4.079215610874227 4.079215610874227
26.072207424765555 26.072207424765555
27.903404810166087 27.903404810166087
31.57625690293262 31.57625690293262
2.009975124224178 2.009975124224178
12.701574705523722 12.701574705523722
24.808466296810852 24.808466296810852
2.0615528128088303 2.0615528128088303
2.009975124224178 2.009975124224178
0.0 0
2.009975124224178 2.009975124224178
30.702605752606736 30.702605752606736
31.81571938523471 31.81571938523471
4.205948168962618 4.205948168962618
34.53056616969956 34.53056616969956
2.23606797749979 2.23606797749979
0.0 0
4.0024992192379 4.0024992192379
1.7204650534085253 1.7204650534085253
21.611339616044166 21.611339616044166
1.7204650534085253 1.7204650534085253
28.00803456153252 28.00803456153252
26.072207424765555 26.072207424765555
31.57625690293262 31.57625690293262
0.0 0
24.808466296810852 24.808466296810852
2.009975124224178 2.009975124224178
26.248809496813372 26.248809496813372
2.009975124224178 2.009975124224178
4.079215610874227 4.079215610874227
31.81571938523471 31.81571938523471
2.2561028345356955 2.2561028345356955
34.53056616969956 34.53056616969956
0.0 0
0.0 0
26.248809496813372 26.248809496813372
10.628264204469138 10.628264204469138
20.478769494283586 20.478769494283586
4.079215610874227 4.079215610874227
2.2561028345356955 2.2561028345356955
21.611339616044166 21.611339616044166
0.0 0
33.391765451979325 33.391765451979325
10.628264204469138 10.628264204469138
16.564117845511724 16.564117845511724
20.478769494283586 20.478769494283586
2.570992026436488 2.570992026436488
6.762396025078685 6.762396025078685
24.318922673506737 24.318922673506737
25.903088618927278 25.903088618927278
8.364807230295268 8.364807230295268
21.611339616044166 21.611339616044166
33.391765451979325 33.391765451979325
16.564117845511724 16.564117845511724
17.029386365926403 17.029386365926403
23.44802763560296 23.44802763560296
2.118962010041709 2.118962010041709
16.95228598154243 16.95228598154243
9.902019995940222 9.902019995940222
2.009975124224178 2.009975124224178
8.364807230295268 8.364807230295268
2.009975124224178 2.009975124224178
17.029386365926403 17.029386365926403
23.058620947489466 23.058620947489466
12.701574705523722 12.701574705523722
0.0 0.0
16.058953888718904 16.058953888718904
24.82780699135548 24.82780699135548
1.5264337522473748 1.5264337522473748
2.118962010041709 2.118962010041709
0.0 0
4.17612260356422 4.17612260356422
48
0.0 0.0
2.570992026436488 2.570992026436488
42.85148772213166 42.85148772213166
32.58849490234245 32.58849490234245
25.98557292037257 25.98557292037257
15.822136391777187 15.822136391777187
6.356886030125127 6.356886030125127
0.0 0
21.611339616044166 21.611339616044166
4.079215610874227 4.079215610874227
35.80349144985723 35.80349144985723
27.903404810166087 27.903404810166087
24.82780699135548 24.82780699135548
0.0 0
42.85148772213166 42.85148772213166
2.009975124224178 2.009975124224178
6.762396025078685 6.762396025078685
25.903088618927278 25.903088618927278
25.98557292037257 25.98557292037257
12.701574705523722 12.701574705523722
3.6249137920783716 3.6249137920783716
0.0 0
8.296987405076617 8.296987405076617
2.0615528128088303 2.0615528128088303
0.0 0.0
0.0 0
0.0 0
0.0 0
2.08806130178211 2.08806130178211
30.702605752606736 30.702605752606736
4.079215610874227 4.079215610874227
4.205948168962618 4.205948168962618
27.903404810166087 27.903404810166087
31.594461539959816 31.594461539959816
42.85148772213166 42.85148772213166
2.23606797749979 2.23606797749979
0.0 0
2.009975124224178 2.009975124224178
24.82780699135548 24.82780699135548
12.701574705523722 12.701574705523722
1.7204650534085253 1.7204650534085253
12.126417442921879 12.126417442921879
21.611339616044166 21.611339616044166
2.0615528128088303 2.0615528128088303
1.7204650534085253 1.7204650534085253
0.0 0
28.00803456153252 28.00803456153252
30.702605752606736 30.702605752606736
26.072207424765555 26.072207424765555
4.205948168962618 4.205948168962618
31.57625690293262 31.57625690293262
26.517352809056938 26.517352809056938
2.23606797749979 2.23606797749979
16.058953888718904 16.058953888718904
42.85148772213166 42.85148772213166
0.0 0
19.024457942343588 19.024457942343588
4.8270073544588685 4.8270073544588685
4.0024992192379 4.0024992192379
78
27.903404810166087 27.903404810166087
1.7204650534085253 1.7204650534085253
16.058953888718904 16.058953888718904
2.009975124224178 2.009975124224178
42.85148772213166 42.85148772213166
0.0 0
21.611339616044166 21.611339616044166
0.0 0
0.0 0
25.98557292037257 25.98557292037257
31.81571938523471 31.81571938523471
1.7204650534085253 1.7204650534085253
0.0 0
8.296987405076617 8.296987405076617
28.00803456153252 28.00803456153252
17.029386365926403 17.029386365926403
34.53056616969956 34.53056616969956
0.0 0
29.854312921251427 29.854312921251427
24.59044529893674 24.59044529893674

0.0 0
30.702605752606736 30.702605752606736
2.1540659228538015 2.1540659228538015
31.57625690293262 31.57625690293262
0.0 0
27.903404810166087 27.903404810166087
24.808466296810852 24.808466296810852
26.248809496813372 26.248809496813372
8.411896337925237 8.411896337925237
2.009975124224178 2.009975124224178
2.009975124224178 2.009975124224178
29.59408724728641 29.59408724728641
4.079215610874227 4.079215610874227
1.7204650534085253 1.7204650534085253
12.701574705523722 12.701574705523722
2.009975124224178 2.009975124224178
6.762396025078685 6.762396025078685
2.2561028345356955 2.2561028345356955
21.611339616044166 21.611339616044166
2.0615528128088303 2.0615528128088303
31.81571938523471 31.81571938523471
12.701574705523722 12.701574705523722
0.0 0
0.0 0
24.59044529893674 24.59044529893674
34.53056616969956 34.53056616969956
1.7204650534085253 1.7204650534085253
10.628264204469138 10.628264204469138
20.478769494283586 20.478769494283586
34.53056616969956 34.53056616969956
3.6249137920783716 3.6249137920783716
30.702605752606736 30.702605752606736
26.248809496813372 26.248809496813372
12.841339493993607 12.841339493993607
31.81571938523471 31.81571938523471
4.205948168962618 4.205948168962618
4.810405388322278 4.810405388322278
4.079215610874227 4.079215610874227
25.98557292037257 25.98557292037257
2.23606797749979 2.23606797749979
22.50799857828323 22.50799857828323
2.2561028345356955 2.2561028345356955
6.463745044476925 6.463745044476925
24.418026128252055 24.418026128252055
0.0 0
0.0 0
4.94064773081425 4.94064773081425
10.628264204469138 10.628264204469138
24.318922673506737 24.318922673506737
4.0024992192379 4.0024992192379
27.995713957675736 27.995713957675736
20.478769494283586 20.478769494283586
1.7204650534085253 1.7204650534085253
21.611339616044166 21.611339616044166
21.611339616044166 21.611339616044166
21.611339616044166 21.611339616044166
9.902019995940222 9.902019995940222
29.854312921251427 29.854312921251427
1.7204650534085253 1.7204650534085253
33.391765451979325 33.391765451979325
28.819611378365256 28.819611378365256
28.00803456153252 28.00803456153252

33.391765451979325 33.391765451979325
16.058953888718904 16.058953888718904
23.44802763560296 23.44802763560296
26.072207424765555 26.072207424765555
31.594461539959816 31.594461539959816
16.564117845511724 16.564117845511724
31.57625690293262 31.57625690293262
27.005925275761246 27.005925275761246
0.0 0
34.53056616969956 34.53056616969956
23.44802763560296 23.44802763560296
20.478769494283586 20.478769494283586
42.85148772213166 42.85148772213166
24.808466296810852 24.808466296810852
36.45490364820623 36.45490364820623
24.418026128252055 24.418026128252055
4.237924020083418 4.237924020083418
25.98557292037257 25.98557292037257
2.009975124224178 2.009975124224178
4.205948168962618 4.205948168962618
36.45490364820623 36.45490364820623
16.058953888718904 16.058953888718904
8.296987405076617 8.296987405076617
2.009975124224178 2.009975124224178
4.237924020083418 4.237924020083418
3.6249137920783716 3.6249137920783716
18.25267103741258 18.25267103741258
0.0 0
12.701574705523722 12.701574705523722
34.53056616969956 34.53056616969956
19.622436138257655 19.622436138257655
31.81571938523471 31.81571938523471
29.741553422778708 29.741553422778708
15.822136391777187 15.822136391777187
24.418026128252055 24.418026128252055
4.079215610874227 4.079215610874227
6.293647591023825 6.293647591023825
4.0024992192379 4.0024992192379
34.53056616969956 34.53056616969956
16.058953888718904 16.058953888718904
0.0 0
27.903404810166087 27.903404810166087
0.0 0
12.701574705523722 12.701574705523722
34.53056616969956 34.53056616969956
0.0 0
15.822136391777187 15.822136391777187
26.248809496813372 26.248809496813372
0.0 0.0
2.1540659228538015 2.1540659228538015
2.009975124224178 2.009975124224178

4.810405388322278 4.810405388322278
4.079215610874227 4.079215610874227
0.0 0.0
0.0 0
0.0 0
12.701574705523722 12.701574705523722
10.628264204469138 10.628264204469138
22.50799857828323 22.50799857828323
2.2561028345356955 2.2561028345356955
9.902019995940222 9.902019995940222
0.0 0
15.822136391777187 15.822136391777187
2.0615528128088303 2.0615528128088303
10.628264204469138 10.628264204469138
30.02399040767233 30.02399040767233
0.0 0
0.0 0
0.0 0.0
0.0 0
66046892716 35.285266046892716
0.0 0.0
20.478769494283586 20.478769494283586
10.628264204469138 10.628264204469138
10.628264204469138 10.628264204469138
5.70087712549569 5.70087712549569
19.622436138257655 19.622436138257655
30.702605752606736 30.702605752606736
0.0 0
42.85148772213166 42.85148772213166
21.16246677492962 21.16246677492962

4.205948168962618 4.205948168962618
25.98557292037257 25.98557292037257
30.02399040767233 30.02399040767233
28.819611378365256 28.819611378365256
12.841339493993607 12.841339493993607
12.841339493993607 12.841339493993607
2.23606797749979 2.23606797749979
0.0 0.0
05076617 8.296987405076617
21.611339616044166 21.611339616044166
33.391765451979325 33.391765451979325
0.0 0
42.85148772213166 42.85148772213166
33.39011829868232 33.39011829868232
10.855873986004074 10.855873986004074
0.0 0
3.3600595232822883 3.3600595232822883
25.98557292037257 25.98557292037257
33.391765451979325 33.391765451979325
18.25267103741258 18.25267103741258
29.59408724728641 29.59408724728641
4.079215610874227 4.079215610874227
0.0 0
1.7204650534085253 1.7204650534085253
8.296987405076617 8.296987405076617
15.822136391777187 15.822136391777187
27.903404810166087 27.903404810166087
0.0 0
50041807375 23.171750041807375
21.611339616044166 21.611339616044166
16.564117845511724 16.564117845511724
0.0 0
5124224178 2.009975124224178
4.079215610874227 4.079215610874227
1.7204650534085253 1.7204650534085253
19.622436138257655 19.622436138257655
33.391765451979325 33.391765451979325
0.0 0
23.44802763560296 23.44802763560296
12.701574705523722 12.701574705523722
27.903404810166087 27.903404810166087
28.00803456153252 28.00803456153252
6.293647591023825 6.293647591023825
5.70087712549569 5.70087712549569

3.3600595232822883 3.3600595232822883
2.0615528128088303 2.0615528128088303
3.6249137920783716 3.6249137920783716
2.009975124224178 2.009975124224178
26.072207424765555 26.072207424765555
26.987404469492798 26.987404469492798
3.3600595232822883 3.3600595232822883
15.822136391777187 15.822136391777187
0.0 0
34.53056616969956 34.53056616969956
0.0 0
74705523722 12.701574705523722
8.411896337925237 8.411896337925237
5.70087712549569 5.70087712549569
30.702605752606736 30.702605752606736
0.0 0
5690293262 31.57625690293262
2.0615528128088303 2.0615528128088303
12.126417442921879 12.126417442921879
24.418026128252055 24.418026128252055
2.2561028345356955 2.2561028345356955
4.205948168962618 4.205948168962618
6.293647591023825 6.293647591023825
0.0 0
23.171750041807375 23.171750041807375
24.808466296810852 24.808466296810852
16.058953888718904 16.058953888718904
10.628264204469138 10.628264204469138
0.0 0
2.23606797749979 2.23606797749979
29.759368272864936 29.759368272864936
3.3600595232822883 3.3600595232822883
2.009975124224178 2.009975124224178
29.59408724728641 29.59408724728641
12.701574705523722 12.701574705523722
26.987404469492798 26.987404469492798
4.810405388322278 4.810405388322278
0.0 0
8.411896337925237 8.411896337925237
2.23606797749979 2.23606797749979
2.009975124224178 2.009975124224178
15.822136391777187 15.822136391777187
24.82780699135548 24.82780699135548
4.0024992192379 4.0024992192379
0.0 0
0.0 0
23.171750041807375 23.171750041807375
25.903088618927278 25.903088618927278
1.7204650534085253 1.7204650534085253
4.0024992192379 4.0024992192379
12.841339493993607 12.841339493993607
4.810405388322278 4.810405388322278
15.822136391777187 15.822136391777187
1.7204650534085253 1.7204650534085253
3.6249137920783716 3.6249137920783716
34.53056616969956 34.53056616969956
0.0 0
1.7204650534085253 1.7204650534085253
0.0 0.0
21.611339616044166 21.611339616044166
0.0 0
0.0 0
10.628264204469138 10.628264204469138
23.171750041807375 23.171750041807375
28.00803456153252 28.00803456153252
18.25267103741258 18.25267103741258
6.356886030125127 6.356886030125127
26.248809496813372 26.248809496813372
3.1144823004794873 3.1144823004794873
0.0 0
6.762396025078685 6.762396025078685
26.072207424765555 26.072207424765555
4.079215610874227 4.079215610874227
3.3600595232822883 3.3600595232822883
30.02399040767233 30.02399040767233
26.1658173959844 26.1658173959844
29.741553422778708 29.741553422778708
2.2561028345356955 2.2561028345356955
31.57625690293262 31.57625690293262
0.0 0
0.0 0.0
3.3600595232822883 3.3600595232822883
9.302150289046077 9.302150289046077
18.25267103741258 18.25267103741258
0.0 0
10.628264204469138 10.628264204469138
0.0 0
24.808466296810852 24.808466296810852
20.478769494283586 20.478769494283586
28.819611378365256 28.819611378365256
2.009975124224178 2.009975124224178
3.3600595232822883 3.3600595232822883
21.611339616044166 21.611339616044166
24.808466296810852 24.808466296810852
2.009975124224178 2.009975124224178
0.0 0
33.391765451979325 33.391765451979325
17.889941307897015 17.889941307897015
33.391765451979325 33.391765451979325
31.81571938523471 31.81571938523471
3.3600595232822883 3.3600595232822883
16.564117845511724 16.564117845511724
28.00803456153252 28.00803456153252
15.822136391777187 15.822136391777187
2.570992026436488 2.570992026436488
34.53056616969956 34.53056616969956
21.06679852279411 21.06679852279411
0.0 0
6.762396025078685 6.762396025078685
0.0 0
4.272001872658765 4.272001872658765
2.570992026436488 2.570992026436488
3.3600595232822883 3.3600595232822883
26.248809496813372 26.248809496813372
24.318922673506737 24.318922673506737
36.45490364820623 36.45490364820623
4.079215610874227 4.079215610874227
8.411896337925237 8.411896337925237
25.903088618927278 25.903088618927278
2.2561028345356955 2.2561028345356955
27.995713957675736 27.995713957675736
20.383571816538925 20.383571816538925
23.171750041807375 23.171750041807375
0.0 0
8.364807230295268 8.364807230295268
10.628264204469138 10.628264204469138
17.029386365926403 17.029386365926403
4.810405388322278 4.810405388322278
20.478769494283586 20.478769494283586
15.822136391777187 15.822136391777187
16.95228598154243 16.95228598154243
2.009975124224178 2.009975124224178
19.622436138257655 19.622436138257655
2.009975124224178 2.009975124224178
21.611339616044166 21.611339616044166
34.10703739699478 34.10703739699478
23.058620947489466 23.058620947489466
33.391765451979325 33.391765451979325
14.716657229140045 14.716657229140045
0.0 0.0
16.564117845511724 16.564117845511724
0.0 0
24.82780699135548 24.82780699135548
23.44802763560296 23.44802763560296
20.383571816538925 20.383571816538925
2.118962010041709 2.118962010041709
3.6249137920783716 3.6249137920783716
16.058953888718904 16.058953888718904
34.53056616969956 34.53056616969956
4.17612260356422 4.17612260356422
24.418026128252055 24.418026128252055
0.0 0.0
16.058953888718904 16.058953888718904
8.523496934944014 8.523496934944014
15.822136391777187 15.822136391777187
12.701574705523722 12.701574705523722
0.0 0
6.356886030125127 6.356886030125127
21.611339616044166 21.611339616044166
15.822136391777187 15.822136391777187
27.995713957675736 27.995713957675736
7.854934754662193 7.854934754662193
0.0 0
24.82780699135548 24.82780699135548
2.23606797749979 2.23606797749979
0.0 0
15.822136391777187 15.822136391777187
25.903088618927278 25.903088618927278
5.70087712549569 5.70087712549569
0.0 0.0
28.819611378365256 28.819611378365256
0.0 0
10.628264204469138 10.628264204469138
30.02399040767233 30.02399040767233
0.0 0
0.0 0
0.0 0.0
30.02399040767233 30.02399040767233
6.463745044476925 6.463745044476925
0.0 0.0
8.736704184073076 8.736704184073076
18.25267103741258 18.25267103741258
2.009975124224178 2.009975124224178
28.819611378365256 28.819611378365256
0.0 0
33.391765451979325 33.391765451979325
0.0 0
3.3600595232822883 3.3600595232822883
15.822136391777187 15.822136391777187
3.3600595232822883 3.3600595232822883
0.0 0
4.601086828130937 4.601086828130937
6.293647591023825 6.293647591023825
21.16246677492962 21.16246677492962
3.3600595232822883 3.3600595232822883
3.3600595232822883 3.3600595232822883
8.411896337925237 8.411896337925237
23.171750041807375 23.171750041807375
4.810405388322278 4.810405388322278
