190
190
190
190
190
190
190
190
190
190
190
190
190
190
190
190
190
190
190
190
204
204
204
204
204
204
204
204
204
204
204
204
204
204
204
204
204
204
204
204
169
169
169
169
169
169
169
169
169
169
169
169
169
169
169
169
169
169
169
169
227
227
227
227
227
227
227
227
227
227
227
227
227
227
227
227
227
227
227
227
232
240
309
264
259
232
240
309
264
259
254
273
239
273
315
296
243
257
246
265
225
265
221
221
221
221
221
221
221
221
221
221
221
221
221
221
221
221
221
221
221
221
232
240
309
264
244
261
253
237
249
239
274
232
240
309
264
293
265
276
304
232
240
309
264
292
297
280
290
226
282
312
293
285
268
228
245
256
292
299
264
250
250
263
214
232
240
309
264
293
297
232
240
309
264
259
254
232
240
309
264
292
251
251
263
233
232
240
309
264
244
261
253
237
249
286
232
240
309
264
242
250
232
240
309
264
259
254
232
240
309
264
266
270
231
256
257
258
263
271
239
247
263
295
242
283
279
316
245
247
251
265
264
242
240
268
285
280
289
262
252
295
240
239
262
303
286
251
254
244
232
240
309
264
265
244
277
233
288
292
268
280
